Datetime: 2023-01-12 04:16:03.580788

 train_N: 8074		test_N: 2003



--- 0.008004903793334961 seconds ---





